trait,chaosaffinity,kineticbias,mobilityaffinity,mutationsensitivity,precisionaffinity,resonance,stability,survivalinstinct,volatility
chaosaffinity,105,47,53,42,43,43,51,45,49
kineticbias,47,102,42,37,51,40,46,40,49
mobilityaffinity,53,42,103,45,45,39,45,44,43
mutationsensitivity,42,37,45,92,38,39,44,38,48
precisionaffinity,43,51,45,38,94,42,43,40,38
resonance,43,40,39,39,42,94,40,37,39
stability,51,46,45,44,43,40,107,49,47
survivalinstinct,45,40,44,38,40,37,49,97,39
volatility,49,49,43,48,38,39,47,39,102
