trait,chaosaffinity,kineticbias,mobilityaffinity,mutationsensitivity,precisionaffinity,resonance,stability,survivalinstinct,volatility
chaosaffinity,104,45,45,45,43,42,55,43,46
kineticbias,45,106,42,44,53,41,53,47,56
mobilityaffinity,45,42,101,44,47,40,46,46,47
mutationsensitivity,45,44,44,94,42,45,49,44,49
precisionaffinity,43,53,47,42,102,43,50,40,48
resonance,42,41,40,45,43,97,42,39,45
stability,55,53,46,49,50,42,113,49,51
survivalinstinct,43,47,46,44,40,39,49,96,38
volatility,46,56,47,49,48,45,51,38,105
