trait,chaosaffinity,kineticbias,mobilityaffinity,mutationsensitivity,precisionaffinity,resonance,stability,survivalinstinct,volatility
chaosaffinity,56,21,24,28,28,30,26,25,29
kineticbias,21,59,21,26,28,38,27,31,28
mobilityaffinity,24,21,52,27,26,26,25,24,30
mutationsensitivity,28,26,27,58,25,28,26,23,29
precisionaffinity,28,28,26,25,59,30,27,22,28
resonance,30,38,26,28,30,68,29,30,34
stability,26,27,25,26,27,29,57,21,31
survivalinstinct,25,31,24,23,22,30,21,52,31
volatility,29,28,30,29,28,34,31,31,62
