trait,chaosaffinity,kineticbias,mobilityaffinity,mutationsensitivity,precisionaffinity,resonance,stability,survivalinstinct,volatility
chaosaffinity,56,24,28,28,27,27,25,28,29
kineticbias,24,57,24,22,21,30,25,30,29
mobilityaffinity,28,24,55,28,29,24,25,28,28
mutationsensitivity,28,22,28,56,21,24,20,24,26
precisionaffinity,27,21,29,21,53,26,25,24,27
resonance,27,30,24,24,26,60,28,28,29
stability,25,25,25,20,25,28,51,23,27
survivalinstinct,28,30,28,24,24,28,23,55,31
volatility,29,29,28,26,27,29,27,31,60
