trait,chaosaffinity,kineticbias,mobilityaffinity,mutationsensitivity,precisionaffinity,resonance,stability,survivalinstinct,volatility
chaosaffinity,337,144,163,149,155,149,158,155,151
kineticbias,144,320,136,150,161,130,145,143,156
mobilityaffinity,163,136,325,136,162,143,144,151,149
mutationsensitivity,149,150,136,326,159,153,153,149,159
precisionaffinity,155,161,162,159,325,149,141,151,160
resonance,149,130,143,153,149,317,139,143,136
stability,158,145,144,153,141,139,323,147,152
survivalinstinct,155,143,151,149,151,143,147,327,137
volatility,151,156,149,159,160,136,152,137,329
