trait,chaosaffinity,kineticbias,mobilityaffinity,mutationsensitivity,precisionaffinity,resonance,stability,survivalinstinct,volatility
chaosaffinity,103,39,43,47,47,38,46,58,49
kineticbias,39,90,36,42,42,39,40,41,48
mobilityaffinity,43,36,103,43,51,37,49,56,54
mutationsensitivity,47,42,43,112,51,52,58,52,60
precisionaffinity,47,42,51,51,99,48,47,50,50
resonance,38,39,37,52,48,103,47,47,48
stability,46,40,49,58,47,47,107,59,54
survivalinstinct,58,41,56,52,50,47,59,120,56
volatility,49,48,54,60,50,48,54,56,117
