trait,chaosaffinity,kineticbias,mobilityaffinity,mutationsensitivity,precisionaffinity,resonance,stability,survivalinstinct,volatility
chaosaffinity,110,41,52,52,51,43,54,57,54
kineticbias,41,98,39,45,44,41,40,45,51
mobilityaffinity,52,39,105,44,53,39,47,54,54
mutationsensitivity,52,45,44,107,49,47,57,49,56
precisionaffinity,51,44,53,49,104,47,49,49,50
resonance,43,41,39,47,47,96,45,44,45
stability,54,40,47,57,49,45,111,49,56
survivalinstinct,57,45,54,49,49,44,49,114,50
volatility,54,51,54,56,50,45,56,50,118
