trait,chaosaffinity,kineticbias,mobilityaffinity,mutationsensitivity,precisionaffinity,resonance,stability,survivalinstinct,volatility
chaosaffinity,99,40,48,39,38,36,45,39,44
kineticbias,40,96,42,33,47,36,41,40,46
mobilityaffinity,48,42,100,40,42,37,41,40,40
mutationsensitivity,39,33,40,87,33,36,41,34,46
precisionaffinity,38,47,42,33,89,37,40,40,34
resonance,36,36,37,36,37,87,34,32,36
stability,45,41,41,41,40,34,101,46,43
survivalinstinct,39,40,40,34,40,32,46,93,36
volatility,44,46,40,46,34,36,43,36,98
