trait,chaosaffinity,kineticbias,mobilityaffinity,mutationsensitivity,precisionaffinity,resonance,stability,survivalinstinct,volatility
chaosaffinity,103,37,44,47,45,39,48,50,51
kineticbias,37,88,35,39,41,38,37,39,44
mobilityaffinity,44,35,101,38,48,34,43,51,50
mutationsensitivity,47,39,38,101,48,45,53,47,53
precisionaffinity,45,41,48,48,97,44,44,46,45
resonance,39,38,34,45,44,91,42,41,44
stability,48,37,43,53,44,42,107,46,52
survivalinstinct,50,39,51,47,46,41,46,106,45
volatility,51,44,50,53,45,44,52,45,111
