trait,chaosaffinity,kineticbias,mobilityaffinity,mutationsensitivity,precisionaffinity,resonance,stability,survivalinstinct,volatility
chaosaffinity,54,20,23,27,26,28,25,25,28
kineticbias,20,58,20,24,26,38,25,31,27
mobilityaffinity,23,20,51,26,25,23,23,23,30
mutationsensitivity,27,24,26,57,24,27,25,22,27
precisionaffinity,26,26,25,24,58,28,25,21,28
resonance,28,38,23,27,28,66,26,30,32
stability,25,25,23,25,25,26,55,20,29
survivalinstinct,25,31,23,22,21,30,20,52,29
volatility,28,27,30,27,28,32,29,29,60
