trait,chaosaffinity,kineticbias,mobilityaffinity,mutationsensitivity,precisionaffinity,resonance,stability,survivalinstinct,volatility
chaosaffinity,100,42,40,40,40,40,51,39,43
kineticbias,42,103,42,42,49,40,50,43,56
mobilityaffinity,40,42,98,42,45,36,43,44,45
mutationsensitivity,40,42,42,92,38,43,46,41,49
precisionaffinity,40,49,45,38,99,43,48,39,44
resonance,40,40,36,43,43,95,40,37,44
stability,51,50,43,46,48,40,110,47,51
survivalinstinct,39,43,44,41,39,37,47,94,36
volatility,43,56,45,49,44,44,51,36,103
