trait,chaosaffinity,kineticbias,mobilityaffinity,mutationsensitivity,precisionaffinity,resonance,stability,survivalinstinct,volatility
chaosaffinity,56,24,28,27,27,27,25,28,29
kineticbias,24,55,22,21,20,30,25,29,29
mobilityaffinity,28,22,53,27,28,23,24,27,28
mutationsensitivity,27,21,27,55,21,22,20,22,26
precisionaffinity,27,20,28,21,52,24,24,23,26
resonance,27,30,23,22,24,59,28,26,28
stability,25,25,24,20,24,28,51,23,27
survivalinstinct,28,29,27,22,23,26,23,54,30
volatility,29,29,28,26,26,28,27,30,60
