trait,chaosaffinity,kineticbias,mobilityaffinity,mutationsensitivity,precisionaffinity,resonance,stability,survivalinstinct,volatility
chaosaffinity,112,41,54,54,51,43,56,59,56
kineticbias,41,99,41,47,45,42,42,46,52
mobilityaffinity,54,41,108,45,55,39,51,55,58
mutationsensitivity,54,47,45,110,53,48,60,50,61
precisionaffinity,51,45,55,53,105,47,53,50,51
resonance,43,42,39,48,47,96,47,44,46
stability,56,42,51,60,53,47,114,52,58
survivalinstinct,59,46,55,50,50,44,52,116,52
volatility,56,52,58,61,51,46,58,52,120
